pm2p5	temp	rh
36.6533224055148	276.408335394377	96.4851502083659
19.8452738396902	276.553037502595	92.169140980744
23.5446319832516	276.296749894826	95.2956555570034
21.1876936150478	277.843618973904	96.5366652430438
49.0206569528529	277.42522362477	96.6679455069852
37.5653596697599	278.550292923544	96.9360514206909
30.2117920827993	279.923071800428	96.9241459961888
16.3991708522563	280.67419270971	96.3109882234577
14.7922581622252	280.072658742668	96.9003810888872
21.443541703079	277.819615838654	97.0359667695723
33.4346126918157	276.887515241942	95.6565127459761
31.0088992629163	275.854764828673	95.2633283352478
34.6686351350805	273.918344643565	95.1947238533461
41.8687359954991	272.848599025301	96.255315394451
51.3249033710467	273.552094730556	96.1797525397752
47.0518658743529	276.348631101727	96.5245882333809
20.2467405479107	276.285005794958	90.8538044815454
21.9028262012186	275.813460354388	92.3522043298585
26.7432189233837	277.253790678231	93.7647652980067
38.2552264828399	274.999737441195	93.8211710837957
15.8288109750801	277.755208472855	92.55252341926
29.865382908338	277.131206848073	93.6119408258296
53.3772996972207	277.234474593544	94.1598441831821
57.0489766254798	275.927648614218	95.2252319138456
63.3679854848387	276.733445863137	96.3383060472317
71.3669127795393	277.82727602518	96.9141319691337
29.4281722936886	277.952027088411	96.4833264242801
30.5525787466598	277.079481245217	94.7506293353417
32.7906573180545	277.136594948714	94.5950110248828
27.8681894062002	276.888214038101	94.9947723305494
41.1097834381801	276.498553835259	97.1570787470269
30.4734937037798	277.064479705806	98.0550162571345
20.9173302484233	275.585183179151	94.2223996596847
17.0702158808467	274.038307226786	93.1645666907496
27.0355943346773	273.32241957623	93.0338118583967
18.4688568566239	275.366792257367	94.5632208084077
22.4623158007985	274.992636370911	96.1748395645583
22.7275547740493	275.814661041218	95.3816559709698
34.7511063980746	275.686394172427	95.1582259969764
33.4277016921488	274.935367273581	95.4731799856296
33.9180500370419	275.117464975163	94.3469787714974
43.8460090868186	274.778402026916	93.7873199903071
36.5343587326109	275.591520321182	91.3858878685217
20.115548539211	271.991680642835	88.2950251968957
33.159214164624	272.98005787404	89.1204076396247
47.6195511649688	273.930851736402	93.6269809015973
65.3775982298885	277.133388197642	94.3208354998358
67.2888545678435	277.199095456636	95.739952082686
40.7167197615172	276.672192026462	95.7724356019361
21.7065176637996	275.548926172778	94.0111303087835
39.7035789620433	275.010356922906	91.7453117194818
35.3985482561682	274.910126809649	90.130002889209
31.4485794385366	274.434895178915	94.4200323447667
22.2709124725665	274.690047754681	95.9045588793323
26.5887100103773	277.292073735678	95.6596272395377
16.4899210995515	272.496954764235	93.9609105066057
19.4149744875168	268.975480950251	88.0884174003115
26.1947420527399	266.97786875777	88.0737710737565
40.7907247250065	267.897319225888	89.0611865090228
49.4404030671953	269.68396307267	95.7062002566253
57.6014484829871	272.45428415848	97.5218989366275
44.7403190162947	273.4120992512	97.35466229994
32.2856885193702	274.629591607314	95.7960250068673
46.2727079424774	276.187169613636	96.6221863496871
41.8521025456535	277.129778385202	95.9250731566663
38.7711926079193	276.934913936216	97.3547224887287
30.1901785883145	277.724554030237	91.2977707323833
26.7075010227617	279.582407524233	92.229235646764
19.213718560009	279.797499359678	96.669213304492
16.80305468775	279.907636880826	97.1484883348334
15.6400238092148	280.404658714989	94.1888411818639
24.6742585484627	280.799408267769	92.910982208304
15.8956278905315	281.003554707797	89.9427920944616
16.843500561402	278.8462122364	95.601615030497
15.2621114273695	280.228237539448	93.8800500462029
16.1258141582574	279.06646955542	95.6265705768632
8.05181647462995	277.710546933153	97.919832795729
7.3496279446715	277.232859969243	95.0621529359593
20.2209038188399	277.297348297757	91.8386258672006
20.632430413544	276.248259508738	86.5187852806026
25.5790736502013	276.444455396529	87.1228757997311
37.1148739195245	278.973286942893	86.7619392943839
25.4558325752003	277.964458485934	90.3274058601966
24.8947047830345	279.075534799102	88.526767365974
45.2505684555153	280.24324411347	89.1244913003245
40.5174051745638	281.268984102206	89.2061789534094
37.0850200071014	281.757454644193	93.4373606770982
39.7756026323473	282.40682771443	96.7409794015669
23.357897668392	282.303653422657	96.4177504471402
10.7060174580465	280.090651956536	94.5376303069196
4.14123148500542	281.762640674002	84.6757876942437
11.0982701855528	281.644250688651	86.37366235037
15.848672994963	281.969162257231	93.0596294898398
15.3335874468038	280.892300809642	96.4169023444866
17.2609081787669	282.840908079005	93.5976416637165
32.7312644214987	283.283285384962	89.493999418483
37.6867592882575	284.786283203062	90.5467186529728
26.5998389624526	285.315178848698	89.9818187825897
18.1895680077096	283.030094542239	95.0013941400923
12.0958409740694	281.803298211835	96.2584093995286
11.4401272426612	280.863889174719	95.6304888591541
6.94922962181287	281.972123805344	95.6603105827472
10.0767224491321	282.136552713083	92.9954500358634
12.2129239650944	284.332496089824	90.4033905367538
13.6730049660316	285.407722222387	90.3371441759233
18.0323147297698	287.389534917612	90.5863471196855
27.7536064398896	288.509844640794	88.7525900715481
27.3399777424637	288.864625947919	88.5951036318317
29.8246197402827	288.821075381672	87.9921678422266
28.5561044130686	289.967317564044	86.0105334858436
28.6970183523241	290.479230504667	84.9952036792395
23.5237781923354	290.353449740992	86.83867104183
22.3518910622913	289.650934535955	90.1560883123887
20.6548748064066	289.853820002944	90.823847354701
16.5520864421708	289.899627691642	90.9517506513209
18.1814346902385	290.129892346346	90.8799293576528
17.4574768001792	287.850508146453	92.4931743369223
24.0201484165117	288.917108182313	91.687822270706
19.591378668402	288.774305780982	93.9955415923209
4.56690311425895	285.999070015417	91.8287691976357
9.15141006173704	284.757486375258	93.2932175732251
7.96460163425324	283.782293884388	97.4256145105194
13.8852953957885	286.774962851128	95.5951284449561
15.4775210285666	288.859163177398	94.203334344595
13.9439752107871	289.927359908732	92.1577249781182
19.5235089876869	291.721227428668	90.66051477
13.9001159267677	289.496887537282	93.7317806675348
13.0707242500307	290.275583965891	90.4187780705998
10.7500130946016	288.026593180477	94.2496636507495
14.4048014998725	288.481478945415	93.6477995360736
20.2763644772727	289.258989059129	93.3657439397347
20.3087606895005	289.590628286245	93.2262379561693
9.5259935809247	287.999979855163	95.3031380015101
2.97591204739778	284.464736637065	94.4760072685424
6.19495520832253	284.764698786836	93.9873587697699
11.4095856476243	286.360599817563	93.482973663367
12.9361826925184	287.322809588031	92.9759631541428
19.3409295350649	288.526710473566	91.8098643584472
16.3505010407158	288.94465099059	91.8368094014716
9.97852090036707	288.09648187595	93.9730563460589
9.57738039809256	288.807864962294	92.4008878386204
13.9673888443068	287.434247625256	95.5332712697155
13.5138333615641	289.408870658138	94.23048945569
17.6276979246341	290.756875260367	92.513916777192
16.5976959439532	292.737000894467	89.5832928003346
28.2425255869654	293.143530148647	91.9473682846166
20.322425643714	292.963209309156	92.7958651551735
11.1519511859337	291.149766048125	94.2907540388417
13.4812862234333	291.203045519663	95.0201801540446
22.1681938591681	291.476964351335	93.8114640834296
14.6976536677322	291.287055224632	94.1265556600384
10.340855852741	291.996570183048	91.6107027109604
11.2721709918441	292.813927406708	91.9382199870339
13.6457347602433	293.098893958626	92.509756423082
15.4533262445711	291.16647500035	95.1291677752368
13.9400336392037	292.597887463469	91.1161727713051
9.34575141320408	291.871600875711	93.8134242250278
9.50415166558563	292.208313423675	93.2656939157859
9.54084383721339	290.710301290504	95.2505226721576
7.70590363260949	292.943990767357	92.2121111071711
9.75379783149388	294.283081339108	93.0516557788203
15.0679757676978	293.385856682966	94.5730959041277
13.2597554935436	292.03189132633	95.7107996949154
8.37758599055359	290.529270358711	94.9972487005769
6.93698588583998	292.584535307967	89.0687592119563
13.473190879231	292.938622395731	89.341901580375
15.2815860068426	293.389955398761	90.0275840375076
18.3041126369273	294.682189741124	90.4574025079499
12.879782896732	295.2918137723	89.3355765613072
19.9433805912673	295.954689766829	88.8298436143705
17.8321876511665	295.654768435481	90.9825408699108
19.3146995131089	296.258622773859	91.7975363856895
9.29963722364639	295.23126654961	86.5735948209507
8.43963541295452	292.37693763323	86.3269246324006
10.560437754552	291.406213442948	90.526548239111
9.60494681209839	292.464704639292	89.4288125607875
9.42883465726334	292.886463548707	88.2145804374568
14.0989689033755	294.046694219572	86.699248929032
8.34174987855575	293.533058759319	86.8250401552545
11.798459349861	295.531733580545	86.5143279350589
10.0726731671224	296.881977489373	87.7456040954212
15.1599246655727	296.578071782643	90.296732279556
14.2643117024031	296.134907443278	90.735311443341
14.2803286691296	295.313067478357	92.6166259398298
11.7807728190568	295.392483161361	90.7364205301909
9.03631163752057	293.624974206059	93.3982431282315
11.8080072732861	294.573497009892	89.5911823716576
13.8560037890426	295.747491392104	86.3859139533641
13.3989067073663	296.291117255004	86.7742834317487
10.0860311622103	295.637572944352	89.7637904454705
13.7020546488409	294.702819065945	92.2867684478293
10.4833564795739	293.531708766698	93.2437032204575
17.6386392541354	293.5343278026	94.6624715618455
17.3418007746459	294.902173029137	91.7352797074031
14.5743821817725	295.068090730784	93.0111109985499
14.600471948742	294.962120249153	92.1673813414829
9.12229340659736	293.478726233414	93.7386898158866
11.4482922986388	295.017522412285	89.1973677374823
11.7019994217544	296.394909456823	85.5941247208432
12.4847249589773	296.602013405052	88.8099217932923
13.6903482146257	295.707798081724	91.4186942842797
7.46064903508353	292.183465391708	94.7888355396203
8.20702979133561	294.501693474572	91.6096618217015
11.1841550883792	295.613028196473	89.3161480617805
12.562153913548	296.250505069729	88.6157423348206
16.5543190990893	297.141565738259	89.3124912610212
19.8324972811069	297.445169420919	88.9786597235559
16.0804851060006	296.425119979617	90.2309715432134
15.4816202456795	295.66069179169	92.9487336076165
12.1707065316535	296.744303894418	90.2861618343843
19.0938785272085	298.595746932531	88.014220695549
19.9798533343029	299.203168875747	87.7249314147303
19.4547541593233	299.075522927778	88.9999845243769
13.3512166272427	298.657425304037	87.1731998516011
16.9306892713965	299.219412897601	88.5533671845736
14.5720086626446	298.845588320168	89.8585649268004
13.4233150402619	298.962184633702	89.0736087530486
19.9109126956939	298.233309681118	89.8989231037043
11.3870482282252	296.790480645033	88.9817138018492
12.7268038961068	296.966981977413	89.0410258711013
13.7093139739002	295.444241188406	90.6546939789368
12.1477576125001	295.463154607811	91.832457575209
13.6072801298896	296.446259978272	89.4885513662313
11.3692492019731	295.048126099235	90.5661254414675
9.52138290022698	293.466514499182	94.0356417555982
10.4183841917893	293.556805710074	93.2549579478005
7.35394398474823	295.006727621086	90.0219586969746
9.44161091875898	294.827199595589	89.8810644222237
13.6703438371393	295.321743822037	89.3352802905623
11.7740767673133	296.08066364799	88.8839770545035
11.4065971731403	296.866474596322	87.9020929022236
12.9489497016497	297.177932481289	88.1518041598886
14.084594796885	297.050852108161	87.8553117185421
15.8044260093427	296.6466401396	86.4141444848861
16.9024445349248	296.092526133807	88.1967782846111
12.3223033815477	295.594237000493	89.4530966177433
8.96559447083299	292.519608768477	91.9719204698055
3.9309454679511	290.651638490175	86.3691004391793
6.42455111225148	291.264362439778	88.6629157489912
15.5137507667784	292.823461551997	89.2430763698314
15.2852839207995	293.514904638869	89.9746924797015
17.7599851192643	294.527925184218	91.3138238952374
9.55435329660528	291.008165392252	95.9466972543814
5.35708467758135	289.190247621308	94.6325858451906
8.14209047007774	289.295320578121	95.1327608905842
6.39975280177793	290.009944197418	94.3923289193902
9.97118085517061	291.490358226797	92.417623159892
12.2864023630687	291.983572783025	93.1994347517578
19.0516340743896	292.018193195461	94.4432262385438
11.992516502746	291.903592116873	93.9656227733136
18.3913272441222	292.395034959312	93.4191005606819
20.6094135092643	292.707776029011	93.0605758570188
23.7866445516542	293.559403285653	92.6716986973953
27.1527425399642	294.411142096067	91.6531042387361
31.0146637552908	294.634327477578	91.7048862772751
27.8916808643471	294.34018717126	92.292185341452
18.2850083290275	293.851064433294	93.5426235194566
19.5584259117457	294.142210680452	93.0333093893343
25.1445100955462	292.420655057299	95.1278614441595
21.0331345286874	292.829940520595	93.1879811296229
21.1851633522829	292.419764837828	94.7060692945749
25.5071364759159	293.09463740209	92.8220610742472
27.7669152757464	293.421338556728	92.5174327465004
27.4002354501242	293.421797881169	91.6591021401063
20.1754887208962	293.704066319606	91.36922588552
13.2356670053841	293.808344499293	93.2645409629262
5.83533551515984	291.832222198198	85.435511800961
8.32141541375854	287.431256331793	86.5746224115324
12.6722367473815	286.411783964364	88.0684135843436
24.4770532810149	287.545718909293	86.5581283945607
26.1972617969793	289.598106012709	84.3495728819332
18.8519371294502	289.965719676928	87.2911442580885
15.6063797375461	288.521871668581	89.5078268507868
9.09087577625421	285.21607523094	93.6153845908585
10.73396249881	285.70850648434	87.2391447705313
23.5708412344856	286.938551757785	90.6723125251901
26.7655580403449	287.749652255731	89.4354451796273
26.4731365206145	287.729350502571	89.2972912608414
27.8245254030672	287.075626303728	93.7617998118389
20.6793902196416	287.715876236866	93.5243516558236
31.028702326968	289.12060202173	92.497786454881
35.3025437262807	289.007888842232	93.2023302790442
33.1017741569624	288.708643686537	93.5602971224777
31.237911132074	287.084154228977	96.5180088151672
23.3348471840651	288.509231587571	94.4891551687767
36.7739395908328	288.086872216798	94.3345506186637
37.7369386854227	287.026702425644	93.1595958319617
39.7019357261416	286.982050337986	92.9235345916729
32.2253579617981	287.184640108286	93.4244197481022
34.9452604713657	287.498228199559	92.5634268084694
36.3515010811722	288.275109789148	93.0000907193939
34.1963637960995	288.27146357236	92.6817188205466
45.3616174949747	288.188216886561	92.8235859222785
39.8156451711722	287.102628061771	92.1677637645416
11.3363258346942	284.691193214373	88.7958316983582
22.8658516843882	285.144206228809	88.8645058973306
10.4640598363902	289.33948021252	85.1193342820922
27.8337708625629	288.09576564307	89.7965994691019
21.259335596389	286.444122372359	94.9152549205112
14.651792266695	285.837142996822	96.7132441072313
7.91811367081905	285.641125118504	98.1076383855218
6.26024421524559	285.274986022981	95.3650595985484
3.89052783380801	282.627572825667	89.2411279073412
10.8688059228284	282.462401992368	95.393404097801
9.85516521406962	283.321310414747	96.7778602950159
15.9842259310629	283.672142957509	96.8895332073786
10.4586815116305	285.226395774159	96.4242349622647
14.0603751835465	286.223870251492	95.7673558890576
11.6735063734577	285.587090071959	97.0646995020924
10.939628548803	285.827305264472	97.1025827092255
12.4748410088215	284.647991256997	97.1800659565291
17.458710112554	284.452279544539	96.6327056187813
19.2088010156192	284.291269286852	96.7599173159627
24.6331281837504	283.687153711593	96.9507758151773
23.7086187018649	284.478890473694	96.5109582359532
23.3565086407292	284.887132997658	96.6208501357285
21.8539011807597	285.118129221262	95.6103721599854
29.5213644342826	283.990399593781	96.374530992696
35.6136742891413	282.590685436182	96.3845787437156
23.4107255070486	281.494916456112	95.0076320125328
18.767476031511	279.026396565371	92.9199957498786
21.2514041202131	276.974882733322	92.434290862721
25.8132078878413	274.854355711897	96.7225940373003
20.8314909310063	275.804166052551	96.1669520642784
25.6199406542515	276.248975511226	96.5994496372532
30.3418624785371	279.413709245198	96.7039949534691
34.4305749406923	279.035009986241	96.8961097994726
12.0757548533826	279.470097431189	98.059584381792
21.3211449586849	279.401906700768	96.7495715509606
21.5977742299717	279.987576602718	96.1111276782925
16.4671383739584	279.677367532875	92.8876713336788
23.5064057924131	277.839812854596	92.5081065858331
34.9102619076528	277.459402929172	95.3126970312696
44.3344491468556	276.135150804841	96.2930376811242
50.342013877048	276.314485137856	96.3889391549137
59.1668628412933	276.907942232046	97.4793325583172
60.2714618572265	279.171855008626	96.9452058766763
39.7418053176894	280.089484396122	95.8699851346971
41.8636702621822	279.249757592441	95.9057009018849
46.320466658182	279.73887443993	97.0152162192048
51.73213113035	278.322638262401	97.3385168278355
17.8397588868537	280.01360774336	91.3731529237299
18.1299248712466	278.834975800762	94.0203280890884
3.5117034174771	279.401225056856	89.4490117252452
11.3116101956841	276.635834119231	89.4271061035703
26.5160207972185	273.515096086937	92.5217700292508
29.8919969840048	272.957614210619	92.8105145595096
36.2901318806549	272.361065571099	93.8119507854202
50.1603216840719	270.825427184298	95.6229302675671
59.6207630781832	273.196755385097	96.763711477157
51.6618660399626	274.153459711359	96.9991940993044
48.5259025155848	272.466524266118	96.9611755336046
47.8671158784322	273.815494850713	97.5620104257754
27.8701334064149	273.787527700796	97.9059486978435
35.1750785904698	273.766151681977	97.8086256509718
30.2428096978483	277.376233683349	96.9523668481134
26.8758440585476	277.275702825042	96.9977984893019
17.2215094616657	278.103691132686	95.3289433874013
25.1780506830493	274.592371042901	94.6090410866151
34.8150333601409	272.853816999569	97.41718563573
51.7037185303051	273.236057023045	97.14665345828
56.6578594394207	275.953310401032	96.8766517563995
54.2856689840163	277.013834071856	95.5768556969221
26.003828703513	277.572658738505	92.8070252439658
33.8700562387875	277.491521934495	93.0492778094013
53.6844523338507	275.876152859529	96.1447279497041
8.03070627686796	276.249707356605	88.5776629462967
17.4940452744745	274.096515009602	86.7191310938753
37.0762156807163	272.814030744403	89.5457518002651
34.1166705929992	274.355907055959	91.8287697819254
5.46394233218301	277.158383154431	91.0660685784505
34.1420390266405	275.725089945977	92.8032062975824
53.3332197780608	275.427432982398	94.9375927031554
10.6872163572193	275.276178121955	89.2565452090415
7.84274877951146	273.531424115762	87.735977562483
29.027704003874	272.134900482124	89.3019202522028
43.9471381064808	274.203339001795	91.9010209432872
33.8783240943943	276.479532970836	94.0842634235849
9.50962316054581	278.645078324627	89.6727399030923
21.4808804190065	276.107354939222	89.4844618404813
41.440718844806	275.522485450138	94.3307274927601
54.6879531389579	277.201871875551	97.0718611370102
26.4346768194305	275.315924701529	92.6985251935771
21.8402399890189	273.968889532057	93.9238548841195
46.3376576697425	271.99524640957	94.4169304042593
61.2890556325925	271.837719027606	94.3102563179854
64.9022478962803	271.118907284553	94.4063512663755
54.1056403711398	270.393535056449	95.2555423832337
55.837092335064	272.20228188274	93.4269103213015
32.0222366270836	271.060404312926	89.5828595931788
45.8454906571804	273.368929463769	90.7315368711154
77.94230980199	273.351841863049	96.9168450856761
24.3748434631542	274.687565855834	89.6283155274859
22.5273745543174	274.416140586721	88.3764354272959
30.1919172530618	273.502593594964	93.2312775627838
46.2324596139489	272.416039912018	95.0319084083776
24.8621707198451	273.640720330919	98.4610775372701
38.2401280491636	275.418203366326	97.6837382218713
21.2551791907057	276.505684754278	94.6320944952077
21.2983072553503	275.118577896995	90.5778733095981
50.2076041854903	273.38400511629	93.7149499111658
67.5369753831222	273.899217983415	92.6377388769448
94.375308971089	274.457378944333	93.3541351059517
87.4174686946599	275.946467265846	92.4836227583187
66.019513470245	277.087169249135	92.306888705212
66.6521412213447	277.658785239937	95.7030006168893
11.7482970875401	276.652868787119	87.3391287672526
10.0545599472507	276.86523675412	85.8418779589151
31.3046616075661	275.80934673407	90.4570533786265
56.6971304468037	276.803320228378	91.5059656609222
81.899542098953	278.292588227238	91.2200420966356
96.0784694313818	277.773357917519	91.7223156764755
82.5343414404458	278.606089583668	90.7730390168028
39.7483297364318	278.853150261438	91.119341883432
35.991760015381	278.387625277122	92.6281607460123
45.8074807330046	278.159486622984	92.7308595004233
71.3225943856679	279.179900410114	92.5154227510279
31.6327990651015	282.413037958929	87.2546413264917
18.7174178772637	279.447312041363	89.1701410316076
34.0680783404751	277.940198285453	86.3974447883071
59.7380419678864	279.894958658418	87.5370247767075
55.7461213360774	281.611882540489	87.3549474940651
59.7628160558731	282.952168089199	86.2960098790613
54.5601795442892	283.123068896644	87.4351153221912
32.4867893867827	281.8195634241	90.6608543152262
19.9747770452486	281.102379488787	87.4460063309539
35.2835294979898	281.260471748358	87.2758946794823
25.2361701312081	279.616702143942	94.6720579974667
16.791907916954	280.051333181443	88.3378176507337
32.4339763762078	279.51856201017	91.6253935484994
26.6277213190331	281.267921344491	96.0856082068889
25.2482585405709	281.514632976758	92.7582291547268
25.3119305473361	281.974590893424	92.7020230643028
17.8149484482229	283.043317134095	93.0476230366328
4.84418921680407	280.346815508218	84.6003314135054
8.7291634646735	278.665600309814	80.409830142538
17.6797128697672	279.10458618473	84.2206388702218
15.4577042807546	279.063610627765	87.9671202981504
11.408734776439	282.528997897842	89.3031876770024
11.1637737485137	284.683129158283	87.9522085105411
17.1998785238171	281.712817247993	94.0551326449714
6.06000879282302	281.170551592241	83.4740528673375
17.6438091115684	278.713894890021	85.3125118535555
26.4967699959004	279.218522372244	84.1526550567553
32.3710829958447	280.315560665001	83.6704565181413
50.1008032103461	282.197846822203	82.5839873933373
56.3446517523646	284.33409502048	80.6251529519649
57.3818332647409	285.449958515053	81.1306279655153
20.5134395035789	284.531427045493	82.7427081424467
10.4312991887306	281.103659162285	78.0489834090819
19.5796442842399	280.859911245173	81.1805002748885
24.5812312452383	281.284765026239	83.7341498337276
28.5504294180796	282.578911885827	82.4735334766576
37.7024756170423	283.533480946686	79.8921923738781
46.7472744330111	284.388135087843	77.6287947039123
40.6918295577457	285.115399371279	77.2156606247113
36.7463538214434	284.983862996579	83.8842990197775
27.0027323634735	282.886250862328	91.3235236758718
12.0118640986326	280.345836348303	96.8383302148555
14.3326881253586	281.18070867993	92.2407325299902
25.9447759777328	282.672748464382	92.3065354047975
21.0412307176237	281.273184801001	95.5540393401217
19.237987663812	282.833953574444	90.4823355018808
30.0198876884949	283.672653480237	91.6486057083392
32.7574230931759	283.400562318678	93.5682096326459
26.8661751364483	282.839911183409	95.9200574633906
23.4893018595619	283.670648743808	92.9247550393833
24.0299150984975	281.832743909345	93.5549635544419
17.6661755188034	279.641004447611	95.3884532182387
23.6018184564944	283.159195343583	88.8375953961567
36.2770380413317	283.831653909295	89.5999702177024
46.1649986147379	285.175309249497	88.4988759607909
34.5642480581724	285.776612285055	87.6057940523897
30.882248313753	286.372600960095	87.0166846293707
31.9678640228618	286.844136881266	84.3684181873734
26.1110505873664	287.675974767357	81.7774227407341
18.8287128581768	286.521317943914	86.9832044788203
15.390371593354	284.647989284739	95.1364251841902
19.4831764670368	285.631972701591	94.4128166308883
17.8956731445596	285.576533975715	91.8723115824323
16.7027650949863	284.540797127709	93.6777790297838
9.13534942201477	284.871669455623	89.2334702152992
5.49215753073515	284.086896062299	84.2462113597809
10.3185656262621	282.995905690002	87.491780812159
11.1318288998383	285.446690230594	87.0881344235983
21.2002175324448	286.86173325746	87.3103527321089
11.5072256472997	285.482714096186	92.2177106574843
11.3872322863136	284.89472708499	94.0411639871503
14.2271499733426	285.072465417464	91.4157181405992
3.72068612288189	280.298920742211	90.614497842628
8.27745639218996	282.411475598846	85.259426327407
12.8999844614986	283.545128015897	86.8739629243454
14.2892799560158	282.130584858445	95.2555482772304
9.10106226214351	284.117753100288	92.9918530558198
17.2011132215427	286.866581989342	92.2471486752587
12.8562135013577	285.312776538806	95.711549961774
2.46753362098016	284.931723866889	85.572187662315
5.20095252796821	286.49210189543	85.2497223941869
10.5713480341748	285.932645037243	85.7522759773303
11.6696035278418	283.773145671224	86.9261094797005
17.2333507610915	284.268974275608	91.1180341592589
15.4373874443237	284.683943836099	92.9177359494089
9.92606955493413	284.244283572664	95.5015816737058
10.9596705533815	284.72260806025	97.1131489730108
11.4147595005116	285.356429144916	96.8019888474648
9.24241550390689	287.979745101895	92.602276193236
12.6832918959123	288.880445732075	91.8333885040545
14.389644927888	289.393515407501	90.9960260378182
16.4027767353821	288.96933438122	92.5985565740813
15.2652102276163	288.524225485627	94.0378265999772
10.234583922171	288.490577501666	94.2042281787874
13.5049428294991	287.425787131089	96.0836783378624
11.811303218225	286.900469651729	96.5961968936363
5.60606132950801	287.374682553588	90.0395564617102
10.8233555214791	288.844422634687	88.4922719965471
11.7537319072976	289.56412319732	88.5150853463335
17.6599229797899	291.438224933168	88.1036786326424
14.802966267456	293.184713227004	87.5896262582431
15.6410895007307	294.022634436757	89.7939931048192
17.2248608457164	293.816751387738	90.124241466431
13.5315365413698	293.229556907683	89.5746923748274
14.5764181240227	290.900432388321	93.2369301449438
11.7668117208311	290.613509946692	91.0358669162959
16.9372077597682	292.368104208424	89.5302797024438
20.4428691852624	291.892196694527	91.2717176205492
16.6151851405342	292.618165759828	93.336934053148
19.8077519524181	291.40055713282	94.5613601852644
13.4957960776377	291.926941934653	94.1363578272444
9.06850485935697	291.175742593143	88.4627183607554
16.7230186566372	293.603831339842	86.7152842011267
22.7569983430819	293.738956500698	91.1706763597707
11.9422526976424	293.799490196178	88.1926170874231
16.5731157690425	294.448450748458	88.3416790013902
18.8917568044697	294.978781254802	90.1944917502886
19.1245204380551	294.984377667147	89.5995011351503
12.0610399983733	293.651010793323	90.9612539780369
15.2544017659065	293.599146179391	90.4410651691022
13.259633054621	291.768298213242	93.9871983328937
16.2603531483164	293.744357889023	91.1239732047683
18.5631352018082	296.273605422047	89.1086896008947
20.8440463825154	297.931026285686	89.4553146090401
22.9427757844233	299.463264496651	89.1637382467286
29.7746106192732	301.738286630003	86.2807192342368
20.3786427188104	301.798931392548	85.7331715028059
12.4430446994339	299.358077119384	85.8752423479027
16.1625859578518	299.53457928805	87.1322877743882
18.3104437925194	298.752045382241	87.0956084958441
16.0907521607478	298.407133147778	85.4648186423175
16.0011204529559	296.906608934367	87.9713305982904
15.5396953017395	296.009093501086	90.0539714210797
17.5696573243746	297.869317974389	86.8543129735402
15.3767474220086	297.142095329875	89.8209395303603
11.6786269029971	297.201164959737	88.6990760996503
13.6533335830303	296.744530868582	87.7568905719802
11.4750949914539	295.645518253965	91.2872981351699
9.77829664994346	295.915603988664	89.0004120302
12.1425921209908	293.599671527673	91.8105023596871
15.0692109928205	294.869359207416	89.6302533995169
7.79186546927684	295.990746602143	83.6897544505766
8.46010808293968	294.15762100002	86.5586153060234
7.1990252342918	290.455476605312	93.9572728200957
11.46033030863	293.636620727531	88.0087010392804
17.6206399196332	294.776862141938	87.9872208039383
14.4817454574702	294.030467574277	89.9985849048095
17.690445703678	295.29761097747	89.3939350714299
16.9177708912185	296.085560147505	89.2355742607823
13.4732883636285	297.466949404003	88.2569941604525
14.7331828454822	298.222829341292	88.8002201758168
19.7217258256447	299.42918693409	88.0307134787087
21.8896003239865	300.185173790529	87.8027087453437
22.7775733814926	300.032537798138	87.3583054865522
15.3863442301701	298.992567874881	88.7720315658486
12.2049465480214	294.026712710764	92.3426152118898
8.39538771119703	294.041620668624	92.3571433873873
5.87178916041673	296.914531277737	86.1476792089078
10.1704886228163	297.48128172629	87.7709354880103
12.299902881085	296.419503188072	90.6530278877804
14.2709185431597	296.530366284869	90.4723151070849
10.759503118279	294.791594130003	90.7894632845146
12.7021959019936	295.45486321793	84.4581887770955
14.1816925505681	295.904803917797	85.9372580930007
16.752641179228	296.698290290992	88.8782018852444
16.9786401944153	296.395757586616	91.1279469830244
15.6524947330663	294.058167816732	92.7918291616119
16.1975003448006	295.479101420834	91.7899193455781
19.9036947073401	297.091051091561	90.1356609920161
15.3490879883859	297.947353154245	91.8812903271298
15.8936071227859	297.763837413848	91.8809686892367
14.6392172319894	295.073238154114	93.1488385130635
7.32987722084875	293.917417658153	90.6063475406918
7.26854273653454	293.573481081762	86.2533420104989
10.9788843024365	293.208714593225	90.1950523071912
12.9571933574711	293.46403130659	88.8309860298512
13.9138471769827	294.000093792477	90.1128703568384
14.1622647310101	295.357493469495	89.149498023119
12.5792940938934	295.184251549738	91.9391694886916
12.9912556541151	294.639013177575	92.1577929298913
9.89647428067404	295.319535099246	91.2717309978897
12.6366017853027	294.690465945999	92.3787146006664
15.9305184650035	294.234224738884	92.6319262413528
13.9944408647684	294.93106541308	92.1222052362607
17.3873491094692	295.265414953009	91.7353622469385
19.1637324699116	295.694724991742	90.3508903625528
22.9477850065129	296.202944010761	89.8801683334647
20.687158795629	294.377326331597	91.49669145597
19.0689667968471	295.497782038725	88.9094014028396
24.1239894795123	296.036294840708	89.626309462166
16.8204974283788	295.523358075749	90.5170723491999
18.7236630278912	295.420225143934	90.7718668298035
18.6204512810728	294.654769889481	91.1868985813388
11.2477705179085	294.36889119663	87.7797182174429
14.8315125643421	293.316036801168	89.6889723369905
20.7610487205128	291.490202590599	91.4451457871231
7.89852815299131	287.30406497263	96.2925983842609
11.5758431606602	288.857819897497	93.2413106212113
6.20660343097226	287.265205998143	93.9784761721151
7.41101959126673	287.77618321098	89.8319870444968
20.4065400175528	288.266461880548	91.6489905305693
20.8392584097735	290.699901388266	89.8953156546408
34.853362887766	292.111593689503	90.7820490491418
35.9401018917379	293.155596993702	90.7682392292043
38.2887070289507	292.833051360107	92.3062518495145
31.2534328176738	293.351278899388	91.7097618511884
38.4580994336271	293.920441688791	92.0220531455238
21.5221527958861	294.495722076227	91.8128875505005
15.9966819162087	293.021387320264	94.2638413157372
11.6812651870721	290.250650170592	94.4938256709302
12.8547935772831	288.766081424475	91.4240630608343
21.1786665386235	287.93090433229	90.7091992201099
20.8412146722317	287.942079497246	92.8600972893741
20.5987789924892	287.814491620828	94.8189865925848
22.3785770251431	287.652215165297	93.298019950236
24.0369594163764	288.695317703313	94.3822065044455
30.607023987206	289.439935122072	94.5732559719599
32.7652294768358	289.968640414367	95.2775181780646
25.073768561924	290.806943220341	94.3749676294762
18.2965018919698	290.080812386387	94.3915501893763
16.0059983156627	291.496730937234	92.1238521832969
25.9414348154478	290.121267813671	93.6070763464452
12.6619812662143	289.862037622314	92.2964227800951
6.81905324638836	286.85377525389	85.2861529931306
18.3281757090098	284.809606023303	91.7036570681933
19.4959263368308	287.314106826714	90.2336871859238
19.3815273090618	286.209971763602	94.9858671582112
10.6551103324784	286.427238826218	92.0487966539268
23.7648435049589	285.677579738209	93.4167530497635
36.2672640399576	285.45881336363	96.6650719325304
28.0726922927464	285.767960744074	93.332326050642
29.0594423861169	285.053486782912	93.5770281967346
40.8354630391285	285.862953865668	93.0759762131402
43.5351601200138	286.766958936215	93.8611621180108
38.6750013328699	287.651007256058	94.1376608670616
19.1728284738289	287.32271942915	97.2587117690898
12.5348393616461	284.85739247124	94.9723762207083
21.7857433134996	285.315246974763	94.273741662824
24.5073814218524	285.880656308553	95.8990092585516
20.21492593851	286.956952579582	96.3582237216593
13.766838901133	288.155944593767	95.9308120287667
16.8201565803901	288.406455623278	97.8285435434446
26.9110049462574	288.859797242433	96.9292465403946
36.1470998095105	288.177670484904	95.0112752007509
21.0244226386003	286.719315554391	97.519443925034
25.1566714288747	286.985376113276	96.1803075021828
27.9094685280502	287.001379067175	94.3132005940397
33.5280917305481	286.690164515821	94.2802819907519
41.905211305718	287.156865294887	96.1043902358736
38.5066539397743	286.785390909857	98.730713598723
17.5608713354407	285.662013384556	97.3481205413109
17.370440932831	283.321275243813	96.9851664020583
22.2359994847655	282.592496779146	96.9810502539909
26.5733686567794	282.487908621598	96.4195316080971
13.1662433021703	282.405464399827	97.984089885492
24.4284172124225	283.095614789458	95.9358929869777
21.5843976931318	283.282746591667	97.0863451301168
19.7958726797459	281.089468132947	97.3221537117103
32.5432228779883	279.827158371136	96.5381002683512
15.7557965179232	279.70256021923	97.3027768253933
28.7433688590544	279.037684558763	95.783704293295
31.164306123832	277.584377303641	95.354612556259
24.190631861393	278.149820530533	96.6918169986882
15.295510270756	279.12735409433	96.3601810127348
12.2107541168216	278.226350555442	91.7256683924112
21.095850336474	277.086829869883	94.7742711702547
17.9890882660876	278.84307065949	98.011375622598
29.7009145596257	278.147585744046	96.9455107525978
19.5544252172948	277.702468320783	97.9596354858961
27.1711085510646	277.52537188026	97.0167075544163
14.06327952755	278.878264612508	97.4669980823184
23.9524629815996	280.226740877582	97.6163359527497
32.6532441656747	279.860073110296	96.9957420943689
27.4210401587701	279.889961755245	97.5459429199157
8.06743312448819	281.37365641062	97.1692715593269
10.9278282197893	281.970592998007	96.8799908104693
18.8465843897499	282.813142987906	95.8416419354562
44.700932018921	281.152989157727	96.4160395375429
30.1197471208378	281.121837276756	98.4047811717086
39.3819049082365	280.136092346107	97.9722706183629
33.7433647498274	279.022340474122	96.82880679832
28.8033993107843	278.519197781435	95.0941066696581
17.8144063227631	278.136966673718	97.1202719278537
27.2983020790359	278.842039114225	96.6185377905621
23.3795734202201	278.795652040144	94.9933523430473
33.39219350396	276.280175762899	95.3525564218424
58.8752970941229	275.490372393161	95.9941166634858
71.1792470869337	275.138312999695	96.3235736470579
60.9728152947402	277.506272938421	94.8095285961406
73.0693742589635	277.186537944421	96.4687055346573
43.5736750368924	278.4458434536	97.4816965212886
10.1699132188472	277.878936692252	89.0532192583891
35.8033925952295	275.556109284747	93.1390735010443
39.2229091902914	274.768821188542	96.8713599678503
33.006964211716	273.915468188758	97.2904163053485
24.1926873646576	277.157473067351	93.0796765136319
51.8626517751011	277.307703236012	95.5444321873373
46.5205005688872	279.524441397636	96.8549178276808
36.4782367566602	280.682414504184	97.4310223015385
30.890474307868	281.333513855751	97.6572117029504
40.0975590174591	281.524031399526	97.5939918456918
24.6489906980775	281.407635370477	97.0369209743032
17.8313901283254	280.369629796132	97.5577879692853
15.55483768581	279.978301374672	95.6317896600567
10.822008730867	280.135568915251	89.7154296058161
18.0693939190024	279.125614157846	92.0393379819318
12.5954791533164	279.141894351836	91.7770187112536
29.5330684280896	277.138102740084	93.2728851026661
58.3023342539401	277.064670824017	94.8881656261405
48.6425094075326	276.151262507435	95.2045586676377
50.5368211951443	274.981058468193	96.4286774665064
45.7928611458321	274.068431765574	96.3411334466523
70.510709003267	274.804509942566	95.4672687030701
20.6701001086412	275.602157873703	95.0990091319124
17.6247914518491	274.780698256737	95.618282786391
24.4860520470884	275.742028567108	96.1768048257645
15.0121009915942	277.900125453644	94.1529228668546
12.5869969142006	276.82583152538	93.3192811277259
20.7186616120564	274.677722511212	95.1716406950828
17.5106180880728	274.303784850602	95.9691855054625
23.0605311803718	274.297597560162	95.0236571177634
16.9599347900843	275.508598729728	93.7528643800201
18.9944058023685	276.687098790936	95.8752630185456
17.8374542764045	276.106793674505	94.0314447913806
18.923389655092	275.192782559569	94.169818553061
23.8114363920923	274.200944960889	95.5447735743282
16.1946126801774	274.876510845767	95.8573154599821
15.4363923938316	276.926714100915	95.6552695107189
20.1781181709281	276.892182533371	94.9895378293483
19.3638993288615	276.126633373228	95.1683681173588
12.0687318531588	276.584179315945	96.7266371993976
16.6013336566042	274.181348248746	94.0547494953267
12.1247225339439	274.455334710738	89.2205658309837
14.0248340694164	274.638041610362	91.7537265851743
14.141344806295	275.580476882826	92.5924399457299
18.7539594616817	275.67139505945	93.3389490131597
28.7187716768897	275.964704634344	94.5689253907468
26.1387457180019	277.387056299615	94.8344452090929
30.8241452408885	277.216783284049	95.0890481427184
20.2354370997697	277.435634526087	94.3788451285336
18.4503891726994	277.960529696106	97.2774274936148
12.7037957702181	277.213233729378	93.6757269471246
13.8808441188173	277.222446556831	92.641291062394
15.0249562040591	279.016425964264	94.9695588302138
16.7163446665857	278.826518758259	96.7637408337023
14.593984984346	278.963272441638	96.7646506995957
12.961074553435	282.537561254151	94.7344177768031
13.0297651171401	279.425226347073	89.5708797012921
3.98765628420666	277.988830401352	81.2304742511181
12.881550661177	276.198753856255	87.1803826216018
14.1620322415361	276.701054104434	90.5235641556764
19.1561444008825	277.116629163345	93.2228247875264
19.6146922340856	277.726943032415	93.7896574762178
12.5838970355862	280.061562265723	94.8388148106258
10.2448463948428	281.934955803219	88.0309712580364
9.77303998255316	279.327637078254	85.4570227343545
23.1575049559275	280.194983117596	84.4561556052648
21.615034977595	282.327598206333	90.5410231660761
29.7599487304688	281.26071776315	91.5604477759346
56.4665330251058	280.493628431992	93.0237245491499
47.3013706207275	282.042106826174	96.2226936828548
31.3058486779531	284.322416219787	89.1972551478679
35.9090413252513	281.298938051737	91.9433081775679
22.0450417200724	281.451684165457	82.6951763094465
37.1919129689535	281.444858034346	86.9714974527502
49.5445133845011	281.91522812927	90.7625426655983
44.6815223693848	281.650062953921	95.8184671959937
25.1368239720662	286.028614287559	90.6741615363578
47.2086412111918	282.988312784052	95.4885102566143
20.640019873778	282.518455897996	89.1273017565212
11.7018394470215	279.860866376022	78.9682923296967
9.51579298575719	279.958617527646	81.3932504092883
23.8559750715892	279.783281621098	85.4716972441132
21.5381579399109	280.026193388263	95.0278695254563
28.5973745981852	278.154647347394	97.9572369285962
8.60920614004135	282.106249507656	87.8562701565387
17.4285760323207	281.564880125821	84.4323356305592
24.844446182251	279.812623642707	92.6750912983356
12.8956139485041	280.673779867029	93.5706317077916
14.264138619105	282.247672835133	87.1675889508195
16.6243616739909	281.841612538378	86.4120053914626
50.1264918645223	280.320183796989	93.11193661798
23.6951740582784	281.91188064119	87.9175196939282
22.7466095288595	284.659291424275	89.2166970901982
20.791893084844	284.167826754094	95.3487017323896
18.082338809967	285.783807837752	95.1035261449974
13.2573723395665	283.784144754016	94.9175964598938
21.3245562712351	281.699013963403	91.7631914890124
33.2838792800903	282.314701530499	88.3714732257305
48.959929784139	282.867647264586	91.1207977709785
62.9251772562663	284.596526341621	90.4918198059871
51.9029060999552	285.9763261637	88.9475745645002
57.4114640553792	285.363937260345	91.7239997330552
41.7453376452128	285.455276098442	92.3190484921239
22.2342036565145	284.917737670299	92.0206958676898
9.66580295562744	280.402126359732	83.0175928164437
24.9229486783346	278.174077585127	85.2880650620989
18.9864902496338	277.695553217982	86.1819309071279
19.7975906531016	276.382326951376	92.0859978722322
24.857799688975	280.349871538365	91.8430309263365
31.3727547327677	285.073475740693	89.5992824632544
51.3204879760742	285.634848661473	90.5393720152782
25.4458600680033	283.964371501025	94.6638415180669
11.5883201758067	280.46018596224	89.2348106719797
27.5019040107727	279.207183797178	87.2174943960626
41.105075041453	279.290759055947	88.6811308899832
58.1897322336833	281.795172634385	87.6831167230116
51.8284285863241	284.169115326062	87.8323121315989
35.4626642862956	284.907689233275	86.0527090689366
33.6906542778015	286.194464850609	85.4056795600949
38.0839451154073	287.780063487351	83.9899211607334
31.0142203966777	288.362085223735	79.2308138528669
33.6845412254333	289.261273365778	76.3507523570641
36.5724871953328	290.130059215507	77.4912041382267
28.0544709364573	290.616459896866	76.4824107792368
15.8919100761414	290.706715475502	74.6272775678588
17.6913941701253	290.118396672958	76.0712432037898
11.4200574556986	291.095155735349	73.4697519172667
16.3873417377472	285.695064822596	85.1753781254796
36.4968303044637	286.867161006188	83.6174492231114
18.2904602686564	288.703574269382	78.5185611060877
17.7160839239756	289.578720072719	84.8329658892758
23.1301366488139	289.545459057562	89.9898786407697
20.677508354187	287.938464701938	96.784465141568
16.8194892406464	285.61908982026	93.8248705305108
18.7994107405345	287.73235901213	86.3741669333029
27.0019329388936	288.148483246292	85.2805737507836
37.3276966412862	289.704704297932	85.3092526675807
17.2037281990051	291.700045454598	84.4768569054341
13.690952539444	290.502810881086	87.1093589605452
14.7486029465993	289.674877708244	91.1630639101308
14.3395704428355	288.254988883562	96.0688232993764
11.0154097477595	290.187386849546	89.4971634222993
17.2661358515422	289.554693595085	88.0910942161529
14.8711070219676	288.369391281744	92.7979663813815
8.92519795894623	290.110462609511	88.0628572339767
6.59472841024399	291.585429684555	79.8957331105541
13.5073102315267	290.777141099555	82.5771681496729
10.397398630778	290.018561336061	87.9794847794001
11.8990998268127	291.355508713021	90.4835799135674
17.2467501958211	291.643045409057	83.181188644398
24.1069548924764	291.820793707977	85.1997598856332
8.28227929274241	293.349475762451	82.8429313017484
10.9492480754852	292.662651282736	87.643020605219
9.38274880250295	289.863345043733	94.7395895064987
10.9039185841878	290.244021645045	92.5545641145723
9.00367200374603	288.857803965732	94.8162924641872
12.8113357226054	289.899809514076	93.6438110410606
12.2845109303792	290.633539218001	93.8220909326586
15.5873712698619	291.019227115655	92.896234066971
13.6827567418416	290.626882545275	94.778290820361
13.5063478151957	292.511566552576	92.6695869117391
16.9073967138926	293.538634336948	90.9407072696879
17.0349804560343	293.48788734787	92.3457014225599
16.9730169773102	293.885629265321	89.3324668941373
19.5138227144877	293.948032665463	89.4483545914193
13.0255327224731	294.871814104776	90.9716583614411
5.17335673173269	293.519212166827	89.1158393953866
11.5788251956304	292.292470256446	87.9128634482964
9.42589292923609	292.997315169827	85.2476419732877
9.61550883452098	292.223989840931	85.0031254675765
21.3731509844462	292.255568485209	83.9860129520337
10.3810024658839	290.628613643109	87.7423065952422
16.0184653600057	291.32796009122	87.0134361925494
11.2253181139628	291.360843155697	88.750329741711
15.6932167212168	293.31379549546	86.0791210377197
14.9472293059031	295.547736856971	84.2802402018403
14.9884326855342	295.073557116939	87.5249175906285
8.88144193092982	290.262499320782	96.6302489112638
7.52012264728546	292.174748263339	88.4252530010724
9.05424984296163	292.934257301043	89.9863965001414
7.60405810674032	292.371455459911	93.4396395052421
6.37633621692657	291.108259520696	94.1771318176436
6.83661113182704	290.404826696273	95.0272424737061
14.1578107277552	290.369269319015	93.9678048399238
15.5779253641764	289.763295233841	96.4471164911859
18.5126276016235	290.356739630916	93.5254817692043
10.4566774368286	292.546487507315	92.4773945249505
6.92914456129074	293.401711827624	92.3493014730177
9.64632471402486	293.70529014406	92.8818096519808
14.8681948184967	294.075281231406	94.0241524978211
13.8072299957275	292.860206821019	93.4001466360015
12.0379716952642	292.926128249053	92.5553974779098
10.3751369317373	292.848181686505	91.1604775527139
12.5178352197011	293.562194491872	89.5649451568275
8.9568810860316	295.710397799605	86.4638097430549
6.0023444890976	296.799607859452	85.8532181278298
15.7879431247711	297.269227594308	87.2546883361516
16.066478729248	297.181342564449	89.6609562031605
11.0619378884633	296.809886930791	89.3249716510402
13.7387479146322	296.738799947144	90.1780559957552
12.9938855965932	297.294631010057	91.1608388124983
13.4580976168315	298.258893313534	86.4388538828907
10.8738549947739	298.445022404169	87.8159516355218
11.712273200353	298.867828305874	90.2058366561497
12.8031267325083	299.070117234729	89.3487256800541
10.8798481623332	299.220533315646	89.7053360360192
10.0904610157013	297.86562324844	90.1486005474286
7.9693961540858	296.362712496417	89.6527461103952
21.4018093744914	297.9050300066	87.8821700314817
20.8774531682332	299.298472236883	88.5386551943112
4.64082189400991	297.101686316583	79.9422427920718
10.4775786399841	296.060800506974	84.248335424046
20.0718210538228	297.967810296689	85.5465791007298
32.2454231580098	299.332168268818	86.3482600632446
9.88792769114176	299.521426250418	86.8427929232057
5.49673420190811	297.391547732524	86.3382468813732
6.68498293558757	296.587568486317	83.3429132663959
11.377398053805	295.917058753773	82.9747149335472
11.8164867560069	295.869922201321	86.3394960432145
12.0190551280975	296.337949091744	87.7346971722077
8.90702080726624	297.486682114462	88.6541878567438
7.39582725365957	295.974684688866	88.0618181660372
10.6601278781891	297.404604203964	84.0007818441376
9.46353387832642	298.757299276131	86.6790342870256
11.7901783784231	300.596406466528	86.2249446098521
10.3936204910278	301.34167472657	85.4786539155841
14.6608871618907	300.444818580197	86.4368621047064
10.6132482290268	295.934105014686	93.0361318223972
11.1340443690618	297.010700529087	86.6258219932802
13.556018948555	298.251880183462	85.1602429631561
14.4099565347036	299.464295282169	87.039076720389
23.2195371786753	300.538884502329	86.8062491105208
14.6854866345723	301.783503979902	86.7675840707516
17.9453454017639	302.406862259942	87.4362844515088
19.0839580694834	303.736299227601	84.5998101605352
21.7699987888336	304.159988718352	83.8101138760269
15.4545134703318	302.900638440206	82.2977548598773
8.18073530991872	295.2322000301	95.9483383260237
2.64270878831545	294.859880321982	84.7999596304184
7.75343954563141	295.735243187807	81.0477159673077
16.3275029659271	297.406167329465	85.7125299613559
18.8588841756185	299.477550463123	86.8457588163979
23.1688187917074	301.183483549885	84.2537484327126
18.7221139272054	301.715970896814	82.803206305837
15.6195544401805	302.4162605712	81.6697087744116
21.1478749116262	301.851928023914	83.841734821276
21.263786315918	300.926767824872	88.2385013595558
17.4282325903575	299.367086491341	91.0333493996622
18.4047435124715	299.950465229621	86.2975332980235
17.5204687913259	299.88745404034	88.1525436328259
15.3102309703827	298.911548641382	91.0333977996567
7.95521438121796	297.128032557435	93.2874119386107
11.8787520329158	297.395833258248	90.929002111433
13.71306904157	297.066014742129	90.407593930576
18.6269752979279	299.012297420556	89.6962081424591
18.3152283032735	300.5055941499	88.3856130178078
16.1862975756327	301.47649897457	86.3112509811061
12.8407162427902	300.746025710419	85.2877771875225
7.79606823126475	297.439128193716	88.7445469841101
10.4863753318787	296.752482912524	89.138081928692
15.5678180853526	298.951338829416	86.493723646697
15.7159861723582	299.843352263879	87.475977437376
16.7143756548564	296.92583891062	94.0958865955266
8.09711198012034	295.686830860711	95.1292314353621
4.1170812646548	293.746083595786	95.7346014976666
8.63836451371511	291.210748260537	92.9667470776741
12.9890708128611	292.685507281526	90.7021815643606
11.5589629014333	291.711298046287	93.4657227152059
19.4696290493011	292.818990274259	92.5722720432107
31.7607855796814	294.104974136921	92.6364245930858
43.0588504473368	295.586078794239	91.3610424072875
10.7067760626475	296.047631672575	89.7792099946605
9.97392813364665	292.741675521217	95.4333079539179
16.658055861791	294.780263213339	92.3121403853776
23.9665815035502	295.108912638447	92.494498058369
33.0213642120361	295.895086078801	92.3333302166693
28.830471833547	296.014471218132	92.9942573478523
28.0868741671244	296.4842526136	91.347876009467
29.0649663607279	297.76578185558	90.7677517378804
25.328604221344	298.102502541931	89.4346632379939
24.453759988149	297.235381206955	89.2533997138902
18.8453747431437	297.297787479604	88.6054421297377
24.3838160832723	297.676045053624	88.8035667683352
23.3049617608388	297.902267222253	86.7630417451067
15.7091948191325	295.691370918673	89.2247106536031
23.312290986379	294.225255115468	90.6887036120996
24.9616365432739	293.850670082595	93.8445378711968
17.4070115884145	291.950296512263	96.6386319907225
11.9394008318583	292.406338616962	94.9075342305246
19.94797706604	292.348101241591	95.2731264438416
5.1012925306956	290.34317353512	95.4119569709013
3.96095284819603	288.960943426783	81.9365053573819
9.51319150129954	286.334155109788	87.6709058047103
11.6479050715764	287.605206103187	88.0838200288699
19.1793564955393	289.263312051623	89.3549709143219
22.3190882205963	289.619035924751	92.648424053282
18.6023179690043	288.877116024654	95.6576692483693
12.573312163353	288.575286105881	97.2986348499462
5.78215215603511	291.230484171249	90.1268527044156
7.31947376330694	287.87775312872	91.2409319603945
13.2457483609517	287.628694652866	94.5075127105811
25.085240761439	286.736272053839	94.2851015205986
15.7407203316689	289.965158117976	89.2011700651502
11.906679391861	289.060038142324	86.5316041093304
25.5214497248332	287.993312377679	92.1552012502974
30.7439626057943	288.876212991032	93.891524983342
15.1854863961538	287.341843774867	94.0406215120257
7.88492196798325	286.535583119192	88.1151022244574
14.7395484050115	285.181012590257	83.0851763158307
30.0015098253886	283.73758709531	91.3725774708955
22.8540387948354	283.921182330466	97.0608389396705
17.3029242356618	285.323175067036	95.0191398231569
24.6455739339193	284.789367453038	93.4271250231507
35.3762229283651	285.029858720686	94.600081599833
42.1409022013346	284.607690049798	94.9895034778384
41.3723618189494	285.571200136409	93.2394581583428
37.0857127507528	285.60104810277	94.9189122846959
23.9703269004822	286.649771692897	95.8930035347472
28.0549488067627	286.061833179633	98.0957175748186
34.0774019559224	288.320575853759	95.0607274230148
33.4316679636637	286.212775152144	95.7310567576883
16.8861323992411	286.822374409247	98.047302635704
7.3549742102623	286.179057642114	91.0153680557039
22.9412426948547	285.638708431937	91.7319009441507
26.2756849924723	285.183432930592	94.2106043298652
30.391343275706	286.110352744712	93.3283052146572
33.7071081797282	285.77740250316	96.6941664436238
29.6703724861145	285.4610242148	96.9009976684727
32.6618555386861	286.799326312289	96.1798305692535
42.5097122192383	287.322389065691	96.556225289274
38.9379704793294	286.58641346398	97.1236250458889
40.8216331799825	288.193997666538	94.5764361651951
32.0936813354492	287.437468571623	93.8390701383854
47.160382270813	284.485629958435	95.8264094792557
45.927418867747	285.371675299768	93.8128719509566
41.2566010157267	285.265530240528	94.7108323732388
62.2729317347209	285.118877641792	95.4158739482303
59.8468135197957	284.946285920579	96.2892861201574
48.8187831242879	284.220151807033	95.9255121599005
62.584942817688	283.56070877679	96.2471407639991
62.5764481226603	284.051024021956	96.5221188064432
65.3500169118245	283.525832556879	96.1454364087947
35.1309507687887	285.0009419099	95.0599291853201
36.4832291603088	284.71785404018	92.6522150361181
39.8574482599894	282.486125900587	94.9349568162058
45.3759250640869	281.817134019958	94.6622542793516
12.1314296325048	285.669158078353	83.9309158726223
22.8245928287506	281.216290812081	86.1037312132438
29.2471591631571	277.866725691607	89.3495863137231
49.5040426254272	277.268716746668	91.5112572942422
66.7925564448039	279.31467039697	91.155166398474
62.8612667719523	278.108631355151	94.2547837665754
77.9764525095622	277.911376395112	94.5265606173928
65.5157791773478	278.024591115585	94.6288869687709
87.8894437154134	279.46664264776	94.3795086378267
44.3508841196696	280.530651144167	93.8255097096017
33.6178646087646	279.006606123349	94.0558645165268
43.6582210858663	276.83920797827	96.7408838807988
17.2207975387573	275.838398761753	99.0454815374107
28.0001379648844	277.331603064835	96.2465073541912
18.1874686876933	276.674715748716	97.6253723143201
18.0432158311208	278.153532939645	98.6098688088025
19.9653759797414	278.054821670231	98.1592309222127
18.9090810616811	277.056860893428	98.1096573116296
17.1033477783203	277.565032104681	97.1990936789305
24.471715927124	278.978991732441	98.2392698103839
30.3723371823629	278.314687116648	96.4075598547446
48.9357315699259	275.150209070332	97.6463046961817
37.6945195198059	277.448039226439	97.0215460260313
40.4940861066182	278.232252178414	94.0563609412396
66.6972805658976	277.560514219566	94.2595608720192
69.4959999720256	277.667302108535	95.5657429051164
52.7124261856079	278.363056825179	98.006715679546
46.6492681503296	280.324103128551	96.7426937494001
72.5723114013672	279.775802003341	95.5139529863825
61.8095661799113	280.198254565672	96.0214681356621
47.3814894358317	280.068995457011	97.8954464910577
44.4513479868571	279.30105685609	98.2615540483337
38.7092723846436	281.367861748962	97.8930039496216
48.7105595270793	280.486284751092	97.7820294381805
35.7582508722941	281.324484498589	97.7873123260427
16.9672215183576	277.91664437576	96.2585456822783
15.9016279776891	279.337912418382	89.0359351310688
27.5426775614421	274.001476297202	92.5839139515594
18.4904119173686	273.73328663085	96.9637647505404
35.9228609402974	273.451000844	94.4830593285361
44.3969256083171	273.75248317748	97.9977253505945
55.1579723358154	272.395663076599	96.5060535821321
42.8707855542501	274.086302646642	97.8839646023671
16.5707820256551	275.927426739059	97.8453045512783
21.4794451395671	277.255982337554	97.1743538405999
28.0628337860107	275.478873814071	98.6995183609682
25.4840000470479	276.337683587649	98.1381565179125
24.4263628323873	275.905983126907	98.8380397644481
43.0872440338135	272.962167916364	96.3553959308151
55.5450963973999	274.847047330811	93.6883095720373
45.4801942507426	273.419100165193	92.111739358191
44.1468243598938	273.973055576784	89.5091469339257
43.1445480982463	273.344598928752	91.2543920646445
47.0696830749512	273.123713292042	91.5302812111991
24.1534801324209	277.312489035553	88.3289411282841
28.239115079244	278.807919772606	86.9860220244576
24.6139201323191	277.603830970363	92.0588384830515
40.5089683532715	275.467614020328	90.6032949387961
59.4291884104411	275.331877116026	93.3114274364263
57.8581018447876	275.173929779409	89.7872501219144
52.1406606038411	274.002268765311	91.5080406040163
59.3178784052531	274.374562413928	94.8403628569074
57.1010993321737	274.645743243646	98.3608505503466
38.5577046076457	275.450574324529	98.9534850198243
11.1776993076007	279.886183377521	94.4311179827771
17.7867336273193	278.302022352718	89.9825109457045
14.6051185131073	276.252893839981	86.8686373154386
7.94788078467051	277.311810673086	82.2283564496922
20.1653261184692	274.668264043781	87.3525272061602
33.1653526624044	275.534289386191	94.6076223863616
36.7326149940491	277.3569846097	95.3685307325742
17.4910331567128	278.660355411086	94.3344448143339
27.0027345021566	280.671501736285	94.3433499342667
23.2235709826152	279.690068843195	95.8441163771732
46.6826546986898	277.924694388841	97.4677357183021
63.9948908487956	277.352882873858	98.8427229285158
35.7169046401978	280.502701715616	97.0297786125352
44.9537226359049	281.163069655405	97.2950311775358
50.0362558364868	281.242275921608	97.1988925437285
17.3674724896749	280.185061179504	97.1660609117777
22.452968120575	280.851764886592	93.6454103506167
32.9478143056234	280.244727397281	93.785819872332
22.3591505686442	279.839397231537	97.2189604288563
19.9273883501689	280.33365456417	90.7552997182204
12.7644044558207	277.158520489134	89.2743628425914
17.1929923693339	272.657039716363	90.4515847101419
25.7718309561412	273.599999526407	86.7347316098173
29.4945518175761	273.938083358296	83.6113942991809
32.2852210998535	275.808259151317	92.3144935676242
40.5517586072286	280.812875736383	95.3147979997625
58.3476956685384	280.168235979671	95.6193347901174
58.2603597640991	282.055475807824	96.1090400438925
46.6127065022786	282.623474931074	94.8647031690142
45.0577281316121	282.795337988523	94.962339949607
57.6420319875081	281.781449032732	94.7456978697222
42.2164856592814	282.521840909982	92.6370690347115
62.3477045694987	283.498750131072	92.1386626199626
66.4272270202637	284.441303687418	90.6206249674167
62.9338760375977	284.012550725594	90.5413501643842
58.262326558431	284.759728926484	88.6783065166342
12.6820904413859	283.876353460925	85.2810699687525
41.1926800409953	280.820451575123	90.5604006132764
44.2427644729614	281.047045726475	87.1064524140732
60.1379588445028	281.428224795774	91.1362662014499
44.2735756238302	281.550974428195	91.6001147163457
36.177175839742	282.282328007265	92.8956727383224
19.8342010974884	280.795387735358	92.6420609999061
26.7251402537028	280.284254705294	89.6120248442599
45.952849706014	279.226960957787	93.5438289229833
43.1425321896871	280.586178964354	92.5147401405481
36.5940095583598	281.261002766938	89.3757790679764
41.7252604166667	281.289924335357	91.2425129333969
37.8527438640594	284.103060864634	92.7434038027248
20.5238542556763	282.397109100326	90.0971879883499
16.8098830978076	282.974574212249	83.0738938454942
7.65325935681661	281.85979253286	83.0463298245808
4.15901418526967	282.810658075295	78.7914924136555
8.48328061898549	282.28111497927	79.213241911526
13.5683294534683	280.394404660768	85.6375989852541
22.8329138755798	278.310259416411	90.7193559645546
23.8023149172465	279.460326024096	86.4038461526731
17.8350964387258	277.958309697224	86.0060563591679
8.64586138725281	282.590110690561	79.6464646917987
16.8455616633097	282.290737242911	82.4945002753611
35.6557211875916	282.417180594249	87.3164696813141
40.0637593269348	284.280213763047	89.5889451180117
29.9010829925537	285.288884419785	89.3032836236626
25.2625257174174	284.580992917719	93.9949475931804
24.5389486948649	285.367830401045	92.7184463413964
31.8758401870728	287.018656892831	90.0242006261566
48.3424882888794	288.449337563256	89.0045650068006
65.0552810033162	289.411589326031	87.1317141934651
58.3916608492533	290.742845066611	86.0887655090355
21.5694940884908	290.969241732654	83.8384444878948
16.306295077006	288.148473056748	85.416281962127
9.53447945912679	286.4477823536	83.2109165308831
11.6999827623367	284.05276784346	84.5622014119055
6.06415905555089	284.077920730199	77.9834538231031
7.55786106983821	280.054366139074	76.8345674811861
8.51805480321248	281.029751314509	78.8953151724448
13.6263806025187	282.336935509474	89.1020850922958
12.6307544708252	283.737055638446	86.8875027789013
11.6195976734161	282.408609386297	96.0779984358062
12.6766296823819	283.769351758876	95.1851469043204
5.95041918754578	283.11999538985	83.1342724328579
16.344711860021	282.369442813818	84.2955701992345
16.0588061014811	280.242003547605	92.7143312688931
17.7739505767822	281.156248387751	88.0053844302604
29.537236849467	282.139063005323	87.3736991034964
24.6037403742472	282.963299687204	86.9742457278721
25.6909209887187	283.871398191909	89.0787064967392
30.6650573412577	285.535788438264	85.9180085194979
17.9477362632751	285.463732140437	88.038627737908
20.5138284365336	286.211219768358	88.4545811222815
38.8315526644389	287.42884984169	89.2015372573296
31.5262447992961	288.78712699476	87.7120725491462
28.2834855715434	290.006193512929	84.7299464943666
21.6416043440501	288.368038596565	86.8543858031285
19.6357853412628	285.090219582925	93.7778987930282
23.9968169530233	286.703975834464	91.2722707105232
27.2711239655813	286.207812257909	97.2366993162706
14.372958223025	288.640661630012	93.9586571885172
17.8634416262309	288.320977696938	95.1606467654945
4.38795177141825	289.240505712912	87.2391579601306
9.94862949848175	286.438687293556	86.0092006828385
18.4867887099584	287.436125509736	88.0982232753928
10.3045169512431	288.425005690569	89.4051406433761
8.03336834907532	288.284672808905	83.5875581878452
10.0443206429482	290.231598687106	88.6408610420807
5.76559923092524	289.13415778424	82.1460358434214
14.4866851965586	289.204665459824	89.2765704395384
16.0258588790894	290.674726600106	88.4477349068228
10.3184467156728	288.190482592952	96.4421744567401
8.47107287247976	289.485424397214	89.5271149673575
9.22028636932373	290.378147250664	87.4590207295735
12.9090889692307	287.696418264035	92.0503870391628
13.9181802272797	286.373949556567	93.5470867414189
11.0492430528005	288.532255039235	90.1220352095703
7.42211896181107	290.048028100399	87.2537888068077
4.86197261015574	290.032928125689	80.3766402462213
5.36527536312739	289.915022557368	83.3623271520403
4.02325248718262	289.270231226922	80.2880047576258
9.08524769544601	290.357622288664	83.6948340267223
7.19323670864105	289.017269670885	90.542628578771
8.53385337193807	290.435753450208	89.0477911147244
7.59814763069153	287.653717479495	93.850256819607
9.52540977795919	289.632311448437	88.8748196096461
8.37787393728892	288.252879527876	89.2974504509152
9.06370218594869	291.103640488562	88.3629705489734
11.8749729394913	291.646602974341	88.7445397667184
15.3990880648295	292.93705732347	87.5430673076547
8.87609465916952	292.116115686661	87.4763069597719
10.1002254883448	292.219482950307	84.730087499575
16.6301422913869	292.458356235983	86.1241099441935
14.0642514228821	292.863433939511	86.1724045713218
13.1299792925517	295.465848576212	83.4248899375229
10.3554412523905	296.808129868027	82.8101469891439
10.9412212371826	296.127093106547	86.8048900256644
9.48542984326681	294.916281389397	88.9036309992407
12.1389305194219	294.320356822273	92.1183889130032
13.1351777712504	294.678320531708	90.0676514914867
15.3135117689768	295.623545309823	88.8412008019394
17.4958948294322	295.95965797766	88.3119071768064
21.0241409937541	297.208294296198	87.4815191435582
16.1949638525645	297.567678745081	85.6990404341932
8.18026491006215	300.822323519482	81.3048158868518
9.23478869597117	299.854626459559	84.4424922665757
8.5144819021225	298.219818304486	84.0171306612035
15.4352072079976	298.143369774958	86.2335663447074
15.8416236241659	298.177069418595	90.5610319433312
15.4494275252024	300.009817403793	86.2440418067437
11.5190896987915	300.444960539742	83.1678904786002
18.1048540274302	299.447432105018	84.7177900419413
19.7484077612559	299.317591874222	84.7135250288595
9.91296108563741	298.291100653342	86.0329847137884
8.06299678484599	298.965041896395	83.987551497491
9.10093983014425	296.958948305645	88.1363111816075
6.39816168944041	297.28172420068	81.7477648953433
8.5417298078537	297.049523598848	87.3325108982872
14.3054554462433	298.622481309464	84.4938419975892
12.9742467403412	301.284034016665	81.628133167136
13.7543251514435	300.079682213723	83.1003584901446
6.42102777957916	298.0228688553	83.3722619552228
5.39563077688217	298.48758674	79.8905144000843
8.71387056509654	298.374152620328	80.9400435477667
11.0960155328115	298.966025353519	84.847365759703
9.12274968624115	295.965417114637	91.5154040262556
6.90591641267141	297.235539966992	86.8076110083289
11.8651531537374	299.191925329939	84.2042774644187
11.3922766844432	300.281307957624	84.4786130197554
7.20939819018046	296.495601408051	90.5381085372537
4.49280152718226	295.205099939101	88.2030719511273
9.7467470963796	295.785550853393	89.4008287619581
8.01255031426748	297.761843746607	86.1158721171086
13.3099134763082	297.068841580018	89.9650764967511
12.3336675167084	296.725848296278	93.1028984285031
6.9395630757014	291.984892119104	92.1288846662858
10.1952873071035	292.883809211934	93.0741065231672
11.1285039981206	294.380234501435	93.2047371157838
8.69074420134226	296.932767824673	90.4920440308227
11.0492548545202	298.342691543355	90.4059985036775
11.9196016788483	299.654487556199	87.4734806767984
14.2539688746134	298.980567693366	89.5436575506244
15.1093666553497	298.959570176384	90.155217963189
16.5777434508006	298.782998611605	89.6747098323617
16.823524872462	299.431286014306	87.8615272241089
19.8093192577362	299.344314098712	89.3196285492182
12.5220065911611	298.992360978962	88.359173730158
7.89272598425547	295.516231794149	94.9445074513042
8.57618852456411	296.321148709162	93.6587448064315
16.3767600059509	296.268421741075	93.7749283096608
17.70787580808	296.809439168738	92.797171220782
18.0916261672974	297.90316376281	91.1300861856407
12.4984674453735	298.20564692956	90.3267183032388
7.1711612145106	295.614031007368	90.7601244463547
9.87343649069468	294.031068813899	88.0240004533487
14.82106645902	293.753434534944	94.5966019231936
13.5250341892242	294.132494286191	94.8986761126966
9.15853941440582	295.416304819763	90.6472382110319
10.5284934838613	295.731446947814	90.6437494643605
10.9841867287954	294.839246045192	94.381758629849
13.2061131000519	296.567758612849	90.6555874775762
15.1077673435211	296.101561652093	92.743515315968
18.3481175104777	297.76321781336	89.3250708263108
17.457271416982	299.209068471594	87.5670402905451
17.8524179458618	300.194986528554	88.0413670812025
22.6502868334452	300.855219729996	86.8766082456896
21.0252709388733	301.243576575365	88.0410262916017
24.1377113660177	301.748170280624	88.1373544127136
19.083573102951	299.872959774866	87.7824482561438
5.21663177013397	298.572749957543	78.4965169589285
8.48016810417175	297.757402857799	84.9085835088723
10.1197256644567	297.070828239713	84.2549031339859
12.34255083402	297.962075669127	84.5805143660635
13.854199330012	298.705579638027	86.5468791922639
17.6114381949107	299.188045232843	86.9253910167142
11.7340902884801	298.161462512036	89.5555449048878
11.8565454880397	296.629003489701	88.2567728663117
8.45212960243225	296.532158523598	85.787569949387
13.1864332358042	297.275391986051	85.4001673287673
10.2973225514094	295.752410871711	88.4227088257475
9.70416955153147	294.071882740385	86.6149486755139
9.79604136943817	293.955182853407	82.9248737006699
13.2969029744466	294.677395093246	84.4703332094439
10.4044809341431	294.112332440295	91.7791830495113
14.9686154127121	295.029206251832	87.762177963919
15.1506191094716	295.687381043392	85.8086610662718
12.6666963100433	295.965100116777	85.1426253131675
18.6647198994954	295.958742815848	85.5530423227682
19.6341962814331	296.610170173766	86.2818465386801
17.2391123771667	296.601021905912	85.1767247446577
19.1249674956004	296.789602904175	83.1211802675047
20.068305571874	296.614568698222	82.2637747164221
20.4500306447347	296.778579705981	79.4269666128394
25.0505342483521	296.482253132032	83.3324789251462
27.2978370984395	297.326969254673	83.3275704338796
32.0232834815979	296.663542638816	85.0070081287743
30.1362870534261	296.858003813376	84.6588083756042
15.6761660575867	296.829698148092	87.5410902121883
13.5374389489492	296.676407324418	91.0931621592584
13.7060015996297	295.579269182665	93.237452879318
11.4176752964656	295.229296940103	92.951832112365
21.8118348121643	294.871085331168	93.5284381260252
10.6740070581436	292.356173674035	95.991590445585
8.45470068852107	290.668950827114	91.7074222122918
14.0645529429118	291.55372019688	93.2425222830762
25.2531231244405	291.566795057522	91.9019177001286
26.5769653320312	290.593160591958	92.0303692345147
29.4145372708638	291.277276473187	93.2544218336424
36.9058675765991	292.105687867261	94.0471071816835
25.9982602596283	292.461021127022	93.6506671963762
21.2545588811239	291.669703663629	94.9443935433361
26.8468891779582	292.458678314311	94.3850238777777
21.2472544511159	293.96639577931	92.9267866376188
16.6366044282913	291.58788206939	92.3567294577284
15.9265275001526	291.762403517069	91.1920295741273
20.9693071047465	290.953181669119	91.623784673206
17.8166217803955	291.25592387537	93.8434438633818
13.3549222151438	291.114165083748	97.7482661561574
8.33695848782857	290.912428808123	95.9346639671738
5.6771435936292	289.090843417962	92.0909030036407
4.31081522504489	289.64491383767	83.1918781758976
14.0618681907654	288.646579615504	90.1092707762323
17.5552576382955	287.876281250593	89.6279791576465
24.9600879351298	285.952678560583	89.3745423297076
28.8411943117778	285.843140145131	91.0021198153235
33.1527336438497	285.870971566191	92.6516073553689
25.5445787509282	287.197994676257	87.6948718620062
19.8318871657054	285.588754726636	91.9984579217556
33.0963374773661	284.465193501123	93.0826833008326
36.5991713205973	285.678254841252	92.3177357424774
40.5290813446045	285.946667836496	91.8467055531601
36.4296156565348	286.333777182957	93.5646600851947
49.7105925877889	286.441027124492	95.3140963653525
34.5904235045115	286.651508840603	94.4093486615193
25.7360782623291	287.500031836799	94.9570154669783
28.7872446378072	287.471820751544	94.4380649205391
35.5335087776184	286.762846705308	94.7249552389872
21.9572707811991	286.304175238835	93.7950841815002
26.6087643305461	284.520384620768	93.3620338632667
39.0556823412577	283.878044426543	93.7075513493841
42.0524230003357	284.739291111998	92.0731332566706
51.9490219751994	285.479267927055	90.4853031088694
53.4779342015584	284.72637861822	92.2265120598731
47.1736415227254	283.880089693127	95.0901816733875
28.4192175865173	283.744164860181	96.2780962533687
28.6280369758606	283.450242035513	98.230607702156
18.1399341424306	284.788049627618	92.6201791244249
15.8494323094686	283.072694626079	96.6946532021969
7.60409907499949	284.8876153525	90.8893654985659
18.8361411889394	282.006527617071	92.3949113579419
17.3952523867289	282.667501551124	88.7345249011617
24.4197391668955	280.731271160516	90.6558033236107
30.3475128809611	280.449630238616	94.6508578376892
28.0654792785645	282.036315277861	94.2004653827918
36.889327843984	282.897648945757	95.2480577440207
44.4920161565145	285.682432053502	94.3937731005264
44.7682135899862	285.005798283145	96.1283101509171
43.2182703018188	284.444518404139	98.0078959475235
13.4721654256185	283.623389306897	97.5348295588472
15.8987460136414	283.92094205196	97.2051070485687
33.8272382418315	283.699166934391	94.8267205592375
35.5343399047852	283.841029509678	96.4424009838626
41.7187039057414	284.617055864627	95.133681886527
44.579687277476	282.702171514426	96.9781109885279
38.2475849787394	282.926304506456	95.6794422453773
47.7459837595622	279.979522237518	97.0779268286868
24.777274052302	281.547518559539	97.2640247087286
24.8322930335999	283.758989946834	94.1438163476323
34.2391873995463	281.30096614348	94.0234435115607
37.7293820381165	278.889181790644	96.0946835679394
20.6705587704976	279.905286399179	97.3827446833267
31.48295323054	279.519947057505	94.929470990134
10.6267480055491	278.500936921323	95.8644585575327
5.79878844817479	277.196569437198	88.6612253530331
9.48530320326487	277.567455246505	84.1030952502176
20.8800253868103	278.621198109691	92.685599360224
38.9120114644369	279.341411261048	93.7144369199709
15.2652812600136	278.449031095227	87.6003254712063
44.06369749705	277.042843394859	90.630368248815
39.4246465365092	276.820254109724	93.3044389364732
33.671310265859	277.163496087022	92.0678912745301
28.9043577512105	276.184143804413	90.6512861863137
26.4139625231425	274.163064014046	97.8244343707895
15.171123345693	274.953024808901	97.4070845830344
28.8452383677165	272.503475601835	96.5077332834795
13.1762821873029	274.970513558673	95.774750050458
17.1649457216263	277.459583461038	90.0588675283132
36.9696524937948	276.935680893377	93.7064148026254
61.6833098729452	277.037280582612	96.4433041251122
65.8022178014119	277.7544757113	95.2118614237904
63.4116814931234	275.957479587136	96.5691987164534
69.624342918396	277.109132089142	96.2209241669798
58.059281984965	276.49632820866	94.4424848869054
49.2975018819173	274.918296902472	94.8304072421293
35.5269713401794	277.867549678129	90.1521419785102
50.4444783528646	276.202997260292	95.760070957012
63.1247552235921	276.333622075116	96.4536770653583
54.9091196060181	275.605596782107	96.3021211018951
47.4438158671061	276.238945546753	95.7818911982606
52.3447856903076	276.780996782498	95.2060555517795
50.1052230199178	276.719782326507	97.7858526886333
65.9235620498657	276.83275289806	97.6879540424193
48.7412888209025	278.4625267972	96.8765505388332
25.1872611840566	279.021651122132	96.5174031209009
62.0936609903971	280.27568175128	94.723331570368
62.8872804641724	279.559125105954	95.7173607225479
53.9876848856608	280.80858022747	94.2370030255634
42.3389259974162	278.435394111553	93.5283982358701
31.8316458066305	279.095541098303	97.8766426771225
56.7914708455404	278.792454884956	98.9268113583045
23.2033108274142	280.086254156381	97.3647565977559
14.7230234940847	278.809301829689	85.4591308224705
33.0849874814351	275.168491537557	93.0902275865717
45.9045810699463	272.251968752355	95.563048658834
35.600380897522	274.331519953334	93.5141201532712
38.1129153569539	274.894302584466	92.0040589636332
24.764123360316	275.987615489954	91.3391478226524
47.7622000376383	274.130801816278	88.8025362175386
59.9118607838949	274.253547260394	85.2930850749054
56.6399262746175	275.236396810559	90.8582499446767
40.7142111460368	277.336255082994	89.148794940006
59.6703977584839	275.264446180007	94.8956648906144
20.6864649454753	277.553628605765	92.0648815549873
32.677410364151	278.31495393113	89.9717703425007
52.53151512146	275.56682507083	95.7181671001876
44.5893352826436	276.383543256407	94.9371652952216
17.3470261693001	277.308463136509	88.8907441430999
32.6399194399516	274.89259121187	93.2871779389475
40.3332262039185	275.40707860264	92.742106631019
64.12602074941	274.189894363906	93.9484725232821
52.5283012390137	274.67937585016	96.999974994392
63.7976830800374	275.571735442041	97.0642687110227
53.8726736704508	275.665174697965	93.8386778628138
23.9100379149119	279.110880005636	86.4769716735601
32.4680225054423	277.576025197212	85.8453863426849
21.5367622375488	279.853159327716	91.3214985461207
30.3078145980835	277.600354542643	93.4591666763136
5.58113623658816	280.354332225495	81.7636947640645
6.60909130175908	281.651398317249	88.7706174469619
19.9529593785604	281.409075048679	89.4114638365098
37.5606625874837	279.654597414849	95.9511221654676
56.7731536229452	280.551030436472	92.5889092668903
61.4744745890299	278.261081302124	95.0068445088054
21.8588200608889	279.295034360635	86.2048906844607
18.8990284601847	279.080195634384	82.3992760944953
29.2413459618886	278.65586884673	94.3071350823486
29.6679617563883	279.118188530991	96.348948159832
32.0218454996745	280.696518448455	95.8608322627457
15.67551445961	279.333652727344	81.9049065554935
26.6670368512472	277.681230075399	90.6263297012412
46.8804063796997	275.549709004559	90.7208258701688
18.1057265599569	274.684106899499	98.5591858906433
37.8131903012594	273.427747956751	96.3405655573188
26.08611647288	275.747064090163	95.0837273704576
37.7336942354838	279.279578202091	95.6522406376232
43.9075004259745	281.984162943636	95.6670716879368
37.364279905955	281.700993720958	91.5034464112542
16.2723109324773	282.130260674341	92.3740198181566
5.11053884029388	283.520424030708	82.4757039014441
25.7328907648722	282.177183654867	85.402875609293
36.5276646614075	280.916606447971	91.2952918881519
22.7391254901886	281.730880794904	87.375913861636
9.68890319267909	281.199407093623	80.5908759799701
15.7583030064901	279.007780598021	86.5049445535701
23.5710895856222	278.936080884976	86.4470157626225
14.5068698724111	278.274063459812	87.4623037667582
35.5281143188477	277.003939224353	88.1600701535531
38.1196490923564	279.070443256529	91.0074156583823
43.5374476114909	279.798703616046	92.739505434451
26.4429740905762	279.229977357928	89.014589666715
24.0282467206319	277.75504296159	87.3315747295986
38.3457153638204	276.664205200152	90.1229640770506
31.4940041700999	276.516806548566	90.7994323363405
44.3020129203796	276.439255660575	90.7304422818462
47.5116376876831	278.600484225262	89.4441496145503
28.9276509284973	278.435848744533	91.4165350894232
20.1269396146138	278.632633804722	89.3566857432042
25.3187522888184	277.568367952749	91.2380762147837
30.8294569651286	279.711538971136	91.5944879731913
37.6501698493958	282.21845779306	93.6139585621981
20.0434451897939	282.92301140743	93.5444410594088
40.535285949707	283.512427066389	96.1530261089852
48.7117678324381	283.162982442294	91.359782223473
25.4687883059184	282.186797711371	90.4071771613555
24.05997021993	281.426976797671	84.2221117310928
25.1056656837463	280.397294297611	84.0187719694028
31.607270081838	279.864670599388	87.8380751436184
41.3061879475911	282.473935080617	85.2566067336469
34.1562293370565	284.172341168721	83.2250881072847
30.2697776158651	284.071045806899	83.4171770236653
34.1330911318461	284.564078953124	84.2094843003071
37.5638488133748	286.139212641119	82.9014896146869
34.4445908864339	286.278668612266	83.3891549717633
44.7856340408325	284.644033642899	86.2314309215264
39.253693262736	282.550828865419	94.3248730927043
30.7860134442647	284.811506798928	92.7856274522319
18.7412269910177	284.582248468772	91.9130502505207
10.0646206537882	279.848174756883	95.7030188501803
15.4052244027456	280.149508897093	91.505800876513
17.8764165242513	280.932044641739	89.8880234399952
24.1500584284465	281.718466207539	89.9438869670012
39.4526920318604	282.730657498903	91.3971486010991
19.427673737208	284.95907308905	90.0248367432066
13.6422612269719	288.169053851903	90.144488740937
6.80966882904371	286.974663024246	82.7892881474154
9.29823935031891	283.270826767431	83.117623311075
13.6307239929835	283.175456832955	81.7631020431597
15.4445408980052	284.273545403927	83.928326023868
32.6216190656026	287.385036003752	86.0926163158378
35.1067469914754	288.669671143625	85.1023755509135
44.5420993169149	289.962768723921	86.9989002799441
37.7096514701843	291.619458009873	82.6365269690946
9.81125195821126	287.85991700121	84.3086849641568
13.4115382035573	286.494098416103	81.1121999551184
17.8021117846171	286.741027794941	81.6741305706083
15.6722733179728	285.453808672623	90.1329420185279
16.0410370826721	284.998677011424	89.8330449448628
19.8308968941371	286.396929934588	92.4116764164233
15.7690629164378	286.919014829985	91.4549409159047
6.58978617191315	285.456904876411	94.2047119361416
10.8899504343669	286.205678716415	91.7018298003003
20.6577160358429	286.788320210279	94.5120179743062
19.5117201805115	288.215957039081	89.8370758269448
17.7286907831828	289.411136352463	86.6029803912986
22.1797228654226	289.690888829473	85.3999993725002
15.9740238984426	288.9706816038	82.1537936623916
15.9619299570719	288.707845259664	86.5603707593526
17.6418497562408	290.086669863644	85.3134136198066
14.110323826472	290.286606499701	88.6181554037254
16.101091225942	288.713947923798	91.0839813791406
23.0609790484111	288.680756863245	89.6188861031184
16.6375608444214	286.834286765082	95.6622058431103
19.8344302177429	288.038784665812	93.7475496639301
11.8770674069722	289.954115756573	92.7158932233166
14.443478902181	292.007311470694	88.4309142132928
18.3824644883474	292.61601571631	87.6925492654444
20.6859394709269	294.408239052998	85.9005083507512
15.1287039915721	294.893814178855	85.9522430497936
13.9571223258972	294.551666475013	86.2634692283363
18.123680750529	295.46133319825	84.8290789733616
24.1750062306722	296.598413463238	87.4364393890089
17.6022520065308	295.71793057616	89.2876600389302
14.2527455488841	296.162587915228	87.7381731030319
16.2366502285004	297.108700424819	85.3511875686159
10.7706449826558	296.538283635358	79.7429618917421
14.8083341916402	297.174395847262	84.4588917462421
13.3040386835734	297.525974706891	85.0546239985354
16.8538548151652	296.921830254199	88.5425057927528
13.5415712197622	295.878493293159	90.7488203761554
12.7211736838023	295.898061328707	86.9145141778496
7.60434011618296	294.220266960796	90.6395545019259
18.7849396069845	296.002097713458	89.3305790565409
17.5758707523346	298.07387888968	87.2132826034689
9.02904466787974	297.759228820484	83.3194584640143
6.06952401002248	289.909188687836	90.5212093051616
9.20356289545695	290.684350778612	87.0287410129133
15.2582632700602	292.165475428929	88.3620529959463
18.7385827700297	294.059249693694	87.5439230407464
14.4783987204234	296.706000489637	87.0130476656301
17.1226221720378	294.458692278054	93.1771186918222
19.1314961910248	295.835064146876	90.9240760329287
22.4299839337667	298.208657113848	88.6047710864121
12.9266373316447	297.894591677682	84.4450657740279
11.4847911993663	295.67350731608	92.5845710692923
12.1318260828654	295.392549378733	86.796867092091
11.5937659144402	295.380071335218	82.5579195608867
3.92004625002543	296.471884713478	75.6672073046719
11.6601244608561	297.703951359475	77.4096010342452
10.350061694781	299.081160532701	80.128678571568
13.8052482207616	299.969713255746	80.9845203848994
10.0025926828384	299.97460922431	82.2470211447255
13.6158038775126	298.080877587517	87.7246736443049
16.1713336308797	299.538172215896	89.0633582774318
14.9462552865346	301.834503987015	83.300173172135
11.3212483723958	301.988655700806	81.975023302719
13.2691333293915	301.965046896753	79.3620925222442
13.7514632542928	302.131498512171	81.3624433449646
14.0947091579437	300.558566911309	85.9781868201662
15.7858791351318	298.570236924848	87.2158013317205
18.3495105902354	299.259262655483	87.0772740392201
10.3249328136444	298.608798740391	87.9663742344969
8.13980670770009	296.75788026878	86.3726203126769
9.03384923934937	299.630139177276	83.8610861848004
15.7021171251933	300.652078714358	84.9289117020336
17.074803908666	299.482801013455	86.060430235541
12.1371774673462	297.432132135016	88.7535696071022
10.4235718647639	297.264748259529	93.5625689437616
8.32802637418111	297.961369154584	88.5253006228115
13.3727445602417	298.856941127643	85.9493763988968
14.5067561467489	301.152712025214	83.7382805266865
11.946391026179	300.708464318322	84.3907822674268
9.20553342501322	300.521832338175	84.0253120615276
6.82620815436045	300.784833079875	81.123394566473
7.63827254374822	299.047653595138	85.8190245969265
6.73467429478963	299.661277779568	79.2859078367069
5.84899485111237	299.018897111711	78.7232427431
6.53066861629486	299.392507364027	77.7942267480067
6.21314430236816	300.156483026683	80.1941153609758
9.02950131893158	298.879998185609	86.147342224941
7.78932774066925	300.765919732738	82.7311145424422
12.7858041922251	302.117489249066	79.1728427324854
10.6116909186045	303.605926148005	80.3113192948564
11.2043901284536	303.293692604679	81.5436431947125
9.48263947168986	303.014129847087	81.4202243113591
12.2837196191152	302.813730605493	81.7257408828739
10.787283261617	303.142336482163	80.9009775493963
11.1059682369232	303.77703379861	74.8250803451652
15.0340603192647	304.210742685123	77.0135400967413
15.972868124644	305.406840248336	78.5398755061367
13.648459037145	303.145613413641	81.7914308655525
11.1571419239044	302.095014136869	87.6908513003655
16.4335708618164	304.928659092896	81.9405995812654
12.6855870087941	303.284568582214	82.4765672096002
8.72083906332652	299.718851427968	85.9173458402522
9.94050248463949	301.830882852561	81.5594071541348
8.694864153862	298.599752356052	87.4513087706597
6.19984459877014	299.403101053235	83.4477243742092
6.94904239972432	300.8180736931	75.6140758645777
10.8667178551356	302.023544515362	75.9181154815929
8.43913531303406	301.120428324655	80.8770924947654
10.2612322171529	302.386077311415	79.0421312339839
9.7960989077886	303.142922566076	77.747680076383
13.3395037651062	303.286090636435	80.9018098876311
10.9430779616038	301.73027069735	85.7568668290342
7.23899598916372	300.855845252392	85.7364423824657
7.75444916884104	299.685817967217	84.9023285317306
9.94381276766459	300.661684027115	84.7392460219061
9.78815937042236	300.650673742735	80.8666463393998
10.5955452521642	299.973128286384	82.3243372980595
8.47656726837158	299.068505087747	83.5411288512206
7.77226583162944	297.946707994043	83.3799938571442
10.4457125663757	298.449546558716	81.5933780197893
10.8721638917923	299.056893440103	84.3277088558872
13.5574213663737	297.81397947789	88.4712830816029
16.0466326077779	298.965629971824	87.7100670800194
10.4475257396698	295.420781089632	95.3977905176333
7.28764442602793	295.38529452707	91.2945099369969
6.21971050898234	298.275629097022	85.3973288352847
7.49837330977122	299.747619210492	79.6928787772406
10.5636172691981	299.332633491609	83.9364100970878
11.1323333978653	299.83492842966	83.9004164460791
9.27240113417307	299.040157033265	84.4606296794764
11.0795119603475	299.951670089412	83.0876705561453
15.231781244278	300.566200526577	82.5284400484277
12.9421668052673	298.702668735674	87.7738560602898
12.8657687107722	298.258834359463	89.605883506526
13.0685039361318	297.800096080817	91.5510348025478
18.1102476914724	297.62385684698	92.7434649097751
11.670241355896	296.625682816127	92.8747607849153
11.4198489586512	296.387152424128	91.8050070229025
11.1609166463216	295.15696609415	89.4729346977434
13.3883630434672	293.736152777768	92.0686405046367
17.7408411502838	295.684466656812	91.6673788052079
18.3126397132874	297.360803445342	89.1613038156261
21.6729404131571	297.394180978255	89.4028071490362
18.5359024206797	295.682389604394	92.4726974785278
6.7710071404775	294.863617198222	94.9971381393486
11.3956355253855	295.32984826039	91.4254916465826
17.1822878519694	294.844496198831	87.2140377423668
14.644388516744	295.036125472322	86.4669401790439
17.3931437333425	294.496284609234	90.5487559472323
25.2545839945475	295.841518352932	89.3139601192244
12.230063756307	296.829846242998	89.5099361614299
16.3310813903809	297.041943345502	88.7114653953873
13.0221218665441	297.311774063107	83.6614315023054
4.37575015425682	293.051431452427	80.5601890864523
3.0443502664566	291.539078264691	77.8195788211442
6.24497429529826	291.933563101317	78.1474950728743
8.53140207131704	291.761117751228	80.2154780901248
11.2035855054855	289.709926422359	86.247268146436
11.3017972310384	290.207570035358	84.0695922400073
19.4816755453746	290.023906152612	84.3234762819048
21.3113485972087	287.90286412065	91.8866004222173
16.6605942249298	289.301108223285	91.6024138321854
11.1071719725927	290.099684774772	88.9007315586127
13.766750951608	291.3836185807	86.7788606869858
12.953765074412	288.623999350941	89.8626898458155
19.0103827317556	288.568554239284	94.7917385493851
10.9953314860662	287.193876520862	96.6062334662052
10.8142067988714	288.956223021012	93.5801549939243
12.0110836029053	290.641410927183	92.4384925971534
18.0977277755737	292.554939894096	88.8301675353804
23.1123687426249	290.584895249175	94.3083777899316
32.0528744061788	291.028291617174	93.3972345067906
41.4760583241781	290.891060973948	92.3103581177603
33.2147434552511	291.612950341787	92.603463843803
35.83980067571	291.574227609601	91.7263156417433
28.8057556152344	290.598484349484	94.9427867005451
19.0958875815074	291.418257303081	91.4371675580577
26.2938995361328	289.562174022681	93.8069787482239
31.3252563476562	290.752371876618	91.5047789547168
45.7168003718058	290.028788161019	93.7383239916892
51.0858373641968	289.735610527144	94.1503434682554
49.8130477269491	290.295001500515	93.5543969991085
46.4971644083659	291.273038265791	92.1607770117945
47.0805775324504	291.583910950097	91.8936325961548
31.2434269587199	290.876459603637	93.1792265536642
39.6638275782267	291.323814034256	92.4527383258747
40.2359741528829	290.709364878791	93.9830348303754
29.8559678395589	289.163700815177	97.237254845192
16.5535841782888	291.786549395368	94.3780833123158
17.3173035780589	291.509887196563	95.6789588454232
24.2171262900035	291.390583998135	96.6450905849613
20.6600711345673	291.641381043592	93.5014240694176
29.7785209019979	291.003414833879	92.0721629491007
36.0238604545593	290.265954759375	93.3010304737096
44.2160747845968	290.833033579098	92.4945095905246
47.2758153279622	290.948342556376	91.885522209057
45.0042057037354	291.1556433976	91.1799855008429
49.1095441182454	290.306663519448	91.7875877682552
29.3598024050395	286.938612561999	96.9139953192097
45.2065804799398	286.77497087868	96.4439863328363
42.6973293622335	286.502606759362	96.156714183123
8.97342491149902	288.062529924064	91.0604328507858
7.64926608403524	287.442639783089	85.0566344096339
15.1655005613963	284.700569050251	86.0048247995047
28.5443158149719	283.313257338353	89.4584095703192
37.8177452087402	285.223101826139	90.9525569979136
34.7658602396647	286.256110562836	92.6168912778088
27.7085499763489	287.605000208127	95.75513278208
35.0032749176025	285.958383837574	96.2365271586686
39.759076277415	284.979210595863	95.2259711572403
33.0960930188497	284.901645752873	93.0116661207576
24.9350088437398	284.405506087743	94.3861909815063
30.9819623629252	280.752596427657	97.2167910455264
26.105894168218	283.292077628922	96.2388128833766
34.893545627594	282.525193513353	97.3551553939657
31.4846940835317	285.216808839071	91.5957453725057
17.8387160698573	283.507344255848	89.5105759552698
20.9305113156637	282.329310256005	91.3808937834715
28.9758256276449	280.241733713144	92.3865215618636
14.2865161895752	281.324479313144	96.3710034649626
16.8937865893046	281.74907532424	88.8789980423588
19.5569990475972	281.637607904401	90.1092545412043
42.7170176506042	281.9502633855	92.6791696676166
43.4012594223022	281.821961979358	91.514165557784
39.4485414822896	280.274190222261	93.5934662392533
52.1947676340739	279.95233453782	95.0857503211865
55.8764654795329	278.417631821464	95.9305490383109
43.0531859397888	278.068785005216	96.9763977189043
44.0371554692586	278.158032206062	95.2511226777652
48.3378125826518	278.83987860494	94.9504246702645
36.6249160766602	278.819914938584	97.2582297914228
18.4981985092163	279.907024714543	97.6749124718087
23.074401696523	281.305166631304	97.0566391515716
36.0724678039551	278.376675553522	95.2389049809854
61.652990659078	276.970924517802	93.7434379101925
67.501030921936	278.672478822022	91.2811627362346
40.9451707204183	276.538826994561	96.8639636535185
39.806344350179	277.397717122511	97.4225290001962
12.8760783672333	277.791749883902	86.4387495887024
32.3574441274007	273.395746941324	91.2764008655517
43.2288632392883	274.375638692881	91.628725161289
51.1087392171224	274.380157297017	93.0428007263379
48.8971783320109	273.5674784673	95.847042679712
28.777537504832	276.244213723256	98.3901186758735
46.3259658813477	276.534866585979	96.0643124578915
37.114418665568	278.06416665577	95.9409776948145
54.7105258305868	277.109738235334	96.2960161790328
55.5517609914144	278.407188950948	94.1381213340767
47.9444808959961	279.930829394625	93.2369565248372
65.6103798548381	280.220903780327	95.7459659104998
61.0631637573242	280.120749762452	97.6985161478731
64.5845762888591	280.680296203395	97.8404885119813
65.5661223729451	280.602057739853	97.4870455469074
50.7020670572917	282.160604881577	96.9655823991911
46.9676596323649	282.277593756712	95.3733542070672
54.5289548238119	281.110466023179	96.0821377002431
57.0277112325033	281.793709420234	93.6640992568505
59.2652324040731	281.305122742028	94.562110643761
45.5779892603556	282.001139582352	95.190480669562
